$ANSIBLE_VAULT;1.1;AES256
31373361343731366565326331323531323833643536383331323663356231323033383134306662
3961363961613062653139643430613830656366336631620a633731626466316566363464373063
63393464613330613864663931383233643661343463376637393964366532386135396662313832
3762333062313661340a366566363732303566383164356231343731353463623766376630646536
63663763643464363336386630623135663033643930383362373237363134353732313138396538
31333866646666316665326436326434663636323431656637656465663132313739656565366130
65396638356363306130653063366563633337383761306130616162383635386237323032393061
36643061613663393861383466343766646135376438376633616232383333626236396133613136
61363639613033663631653231656630616633643139613966356566343436363566656461626338
33613238386232323166373239386564346264613737633863653465373464353434356439376433
36653565303361356435363961353365353366326661383436313034383962613836653833343432
31613531333031626162
